Vpv              	Ipv              	Pcikis           
0.048988443560142286	4.8988216802201006	0                
0.097976206850001121	4.8987309777398513	0.23998564939266381
0.14696306312249732	4.8986402767237092	0.4799590795789076
0.19594901239233545	4.8985495772202459	0.71991918020663326
0.24493405467412568	4.8984588791323169	0.95986595180576084
0.2939181899823799	4.8983681825154335	1.1997993949203514
0.34290141833150695	4.89827748734184 	1.439719510072216
0.39188373973580803	4.8981867935560253	1.6796262977717722
0.4408651542094722	4.8980961012135005	1.9195197585832815
0.48984566176657113	4.8980054102032433	2.1593998929698315
0.53882526242105355	4.8979147205807649	2.3992667015244451
0.58780395618674042	4.8978240324570876	2.6391201846926933
0.6367817430773185	4.897733345665678	2.8789603429847701
0.68575862310633473	4.8976426600955136	3.1187871769102005
0.73473459628718985	4.8975519759686392	3.3586006870539462
0.78370966263313191	4.8974612931740324	3.598400873940419
0.83268382215724912	4.897370611600671	3.8381877377452338
0.88165707487246303	4.8972799313595772	4.0779612793882318
0.93062942079152111	4.8971892523397287	4.3177214991141017
0.9796008599269882	4.8970985746521478	4.5574683975147048
1.0285713922912398	4.8970078982968346	4.7972019748764723
1.0775410178964515	4.8969172228296998	5.0369222317839846
1.1265097367545915	4.8968265486948326	5.2766291688425788
1.1754775488774112	4.8967358756701884	5.5163227863031112
1.224444454276435	4.8966452037557673	5.7560030848938855
1.2734104529629502	4.8965545331736138	5.9956700645699348
1.3223755449479964	4.8964638637016833	6.2353237263291525
1.3713397302423547	4.8963731951179312	6.4749640700806852
1.4203030088565358	4.8962825276444022	6.7145910965589204
1.469265380800767	4.8961918610590516	6.9542048059096579
1.5182268460849806	4.896101195583924	7.1938051992125436
1.5671874047188017	4.8960105312190194	7.4333922762842839
1.6161470567115317	4.8959198672982041	7.6729660375490711
1.6651058020721357	4.8958292047096563	7.912526483788362
1.7140636408092265	4.8957385425651978	8.152073614716258
1.7630205729310491	4.8956478815309623	8.391607431099958
1.8119765984454639	4.8955572213849052	8.6311279329653932
1.8609317173599305	4.8954665614608928	8.8706351210978074
1.9098859296814881	4.8953759026471033	9.1101289959107419
1.9588392354167381	4.8952852442774031	9.3496095569675166
2.0077916345718232	4.8951945865738367	9.5890768050471884
2.0567431271524059	4.8951039293143594	9.8285307405242239
2.1056937131636513	4.8950132729430607	10.067971363314046
2.1546433926102004	4.8949226165717619	10.307398673753715
2.2035921654961474	4.8948319606445523	10.546812672177726
2.2525400318250166	4.8947413051614319	10.786213359896482
2.3014869915997354	4.8946506496783115	11.025600734303227
2.3504330448226072	4.8945599946392804	11.264974798659827
2.399378191495285	4.8944693396002492	11.504335551266928
2.4483224316187413	4.8943786850053073	11.743682992379167
2.4972657651932368	4.8942880299662761	11.983017122247858
2.5462081922182898	4.8941973749272449	12.222337942229831
2.5951497126926419	4.8941067198882138	12.461645450373  
2.6440903266142248	4.8940160644050934	12.700939646852548
2.6930300339801176	4.893925408921973	12.940220534188127
2.741968834786519	4.8938347525506742	13.179488109089357
2.7909067290286997	4.8937440957352862	13.418742374089145
2.8398437167009631	4.893653438475809	13.657983326932079
2.8887797977966021	4.8935627803281534	13.897210970228734
2.9377149723078531	4.8934721217364086	14.13642529906134
2.9866492402258489	4.8933814618123961	14.375626318596124
3.0355826015405691	4.8932908010002052	14.614814025057246
3.0845150562407908	4.8932001388557467	14.853988419794739
3.133446604314027	4.8931094753790205	15.093149502869879
3.1823772457464767	4.8930188105700267	15.332297271554712
3.2313069805229668	4.8929281444287653	15.571431725767543
3.2802358086268848	4.8928374765111471	15.810552868289957
3.3291637300401185	4.8927468059289936	16.049660694786752
3.3780907447429853	4.8926561340145724	16.28875520804689
3.4270168527141656	4.8925654598797053	16.527836403524624
3.4759420539306243	4.892474783524392	16.766904284014981
3.52486634836754 	4.8923841040604543	17.005958846303933
3.5737897359982176	4.8922934219319814	17.245000091690972
3.6227122167940111	4.8922027371389731	17.484028016792113
3.6716337907242296	4.8921120487932512	17.723042621257651
3.7205544577560525	4.8920213573389049	17.962043906358442
3.7694742178544254	4.8919306618877556	18.201031868485078
3.8183930709819678	4.8918399628838927	18.440006507191413
3.8673110170988614	4.8917492598832268	18.67896782032425
3.9162280561627472	4.8916585524416689	18.917915805631605
3.9651441881286065	4.8915678405592189	19.156850465979669
4.0140594129486438	4.8914771237917876	19.395771792069308
4.0629737305721623	4.8913864008071073	19.634679788414182
4.1118871409454316	4.8912956733815349	19.873574452557193
4.1607996440115533	4.8912049397387136	20.112455781939559
4.209711239710316	4.8911141998786434	20.351323772052393
4.2586219279780506	4.8910234538013242	20.590178421935853
4.3075317087474723	4.8909327006185777	20.829019730613258
4.3564405819475196	4.8908419394422253	21.067847689438576
4.4053485475031824	4.8907511711604457	21.306662304877023
4.4542556053353266	4.8906603948850602	21.545463568071156
4.5031617553605097	4.8905696097278906	21.78425147770826
4.5520669974907841	4.8904788156889367	22.023026028455011
4.6009713316334953	4.8903880127681987	22.261787218825425
4.6498747576910731	4.8902971991893196	22.500535047310581
4.6987772755608121	4.8902063740641211	22.739269504117772
4.7476788851346363	4.8901155391689599	22.977990587428483
4.7965795862988596	4.8900246927274793	23.216698295398036
4.8454793789339359	4.8899338338515008	23.455392617633979
4.8943782629141923	4.889842961652846	23.694073556278809
4.9432762381075577	4.8897520770196934	23.932741100577648
4.9921733043752745	4.8896611772875076	24.171395248178015
5.0410694615715945	4.8895702624562887	24.41003599226093
5.0899647095434712	4.8894793316378582	24.648663325799635
5.1388590481302261	4.8893883848322162	24.887277246078895
5.1877524771632126	4.8892974211511842	25.125877745782091
5.2366449964654498	4.8892064388184053	25.364464808164762
5.2855366058512567	4.8891154378338797	25.603038434525061
5.3344273051258595	4.8890244164212504	25.841598616903465
5.3833170940849762	4.8889333745805175	26.08014534238454
5.4322059725143994	4.888842310535324	26.318678607221848
5.4810939401895427	4.8887512233974917	26.557198402795851
5.5299809968749818	4.8886601131670204	26.795704710526394
5.5788671423239622	4.8885689762911966	27.034197525994323
5.6277523762778969	4.888477814546377	27.272676839770273
5.6766366984658241	4.8883866234916695	27.511142632196705
5.7255201086038641	4.8882954040152526	27.749594903202247
5.7744026063946317	4.8882041534525911	27.98803363248518
5.8232841915266347	4.8881128718036848	28.226458809414407
5.8721648636736345	4.8880215564039986	28.464870417944372
5.921044622493989	4.887930206365354	28.703268441610405
5.9699234676299593	4.8878388199113942	28.941652868784459
6.0188013987069873	4.887747394377584	29.180023676981758
6.0676784153329439	4.8876559297639233	29.418380859152006
6.1165545170973346	4.8875644225176984	29.65672438660263
6.1654297035704797	4.887472871750731	29.895054246154853
6.2143039743026485	4.8873812747984857	30.133370418886869
6.2631773288231631	4.8872896289964274	30.371672879912573
6.3120497666394604	4.8871979334563775	30.609961609285811
6.360921287236101	4.8871061846256225	30.848236575394182
6.4097918900737554	4.8870143816159839	31.086497768417956
6.4586615745881186	4.886922520874748	31.324745149955941
6.5075303401887972	4.8868305988492011	31.562978703563036
6.5563981862581358	4.8867386146511649	31.801198389374164
6.6052651121499997	4.8866465638397472	32.039404189816494
6.6541311171884789	4.8865544437504127	32.277596063538361
6.7029962006665791	4.8864622517186262	32.515773979995259
6.7518603618448045	4.8863699833034957	32.753937907970609
6.8007235999497082	4.8862776367286642	32.992087809571991
6.8495859141723656	4.8861852075532397	33.230223640007111
6.898447303666785	4.8860926913363301	33.468345365610396
6.9473077675482457	4.8860000845252216	33.706452952015091
6.9961673048915589	4.8859073835672007	33.944546345633903
7.0450259147292451	4.8858145840213751	34.182625491641112
7.0938835960496531	4.8857216805586745	34.420690352735434
7.1427403477949571	4.8856286687382067	34.658740878278692
7.191596168859105	4.8855355441190795	34.896777016540149
7.2404510580856387	4.8854423013722226	35.134798695524331
7.2893050142654401	4.8853489351685653	35.372805880186846
7.3381580361343719	4.8852554392908587	35.610798483086349
7.3870101223708069	4.8851618075218539	35.848776453883772
7.4358612715930459	4.8850680354206588	36.086739728144188
7.4847114823566194	4.884974115881846	36.324688220285971
7.5335607531514857	4.8848800417999882	36.562621862803489
7.582409082399078	4.8847858060696581	36.800540573448529
7.6312564684492292	4.8846914024736066	37.038444268251212
7.6801029095769762	4.8845968221300495	37.276332868282964
7.7289484039791869	4.8845020579335596	37.51420627257275
7.7777929497710572	4.8844071001141742	37.752064378033957
7.8266365449824633	4.884311941566466	37.989907113987783
7.8754791875541192	4.8842165716322938	38.227734338958349
7.9243208753335805	4.8841209832062304	38.465545964391893
7.9731616060710699	4.8840251638537779	38.703341864875902
8.0220013774151173	4.8839291046931521	38.941121919523908
8.0708401869079882	4.8838327941780335	39.178886005046245
8.1196780319809285	4.8837362207621027	39.4166339813912 
8.1685149099491792	4.8836393720108617	39.654365691288163
8.2173508180067802	4.8835422372661696	39.892081039595766
8.2661857532211371	4.8834448040935285	40.12977981276677
8.3150197125273362	4.8833470565057269	40.367461866239715
8.3638526927222223	4.8832489820682667	40.605127037957459
8.4126846904581924	4.8831505647939366	40.842775147904725
8.4615157022367224	4.8830517904718818	41.080405997644228
8.5103457244016028	4.8829526413385338	41.31801939991297
8.5591747531318703	4.882853103183038	41.555615148788313
8.6080027844344258	4.8827531564654691	41.793193004015869
8.6568298141363123	4.882652781645902	42.030752766560738
8.7056558378766571	4.8825519645134818	42.268294187605463
8.7544808510982506	4.8824506784228561	42.505817013602936
8.8033048490387458	4.8823489073868132	42.743320986235638
8.852127826721464	4.8822466283127142	42.980805826735164
8.9009497789457921	4.8821438163315634	43.218271235404025
8.9497707002771474	4.8820404483507218	43.455716922757993
8.9985905850364958	4.8819365012775506	43.693142578115186
9.047409427289395	4.8818319484666972	43.930547853126889
9.0962272208345514	4.8817267597200953	44.16793239300015
9.1450439591918755	4.8816209101687491	44.405295836442384
9.1938596355899751	4.8815143696145924	44.642637815603464
9.2426742429531163	4.8814071025304884	44.879957907020469
9.2914877738875923	4.8812990840474413	45.117255712345234
9.3403002206674746	4.8811902733092438	45.354530743610503
9.3891115752197472	4.8810806383414729	45.591782570318557
9.4379218291087366	4.880970140064278	45.829010704354502
9.4867309735199044	4.8808587429505224	46.066214632140579
9.5355389992428545	4.880746402591285	46.303393797272328
9.584345896653625	4.8806330799067155	46.540547667323466
9.6331516556961656	4.8805187287115359	46.777675615450654
9.6819562658629934	4.8804033045968254	47.01477707214368
9.7307597161749868	4.8802867578245923	47.25185135487969
9.7795619951602735	4.8801690386568453	47.488897786421774
9.8283630908321751	4.880050093802879	47.725915660406329
9.8771629906661715	4.8799298717483452	47.962904240802992
9.9259616815758296	4.8798083103207546	48.199862726279072
9.9747591498876549	4.8796853509003313	48.436790301679103
10.023555381314841	4.8795609348672997	48.673686120184563
10.072350360929821	4.8794349893910294	48.910549249337386
10.121144073135602	4.879307452299031	49.147378776526331
10.16993650163583	4.8791782472079603	49.384173683863949
10.218727629403517	4.8790473048399008	49.6209329723332 
10.267517438648364	4.8789145434824377	49.85765549913426
10.316305910782624	4.8787798831995133	50.094340156881046
10.365093026385475	4.8786432369496424	50.330985728133058
10.41387876516576	4.87850451769134 	50.567591011941502
10.462663105923093	4.8783636312776935	50.80415462104984
10.51144602650724	4.8782204835617904	51.040675200831558
10.560227503775664	4.8780749697385772	51.27715131836181
10.609007513549207	4.8779269850030005	51.513581460912967
10.657786030565777	4.8777764174445792	51.749964034441263
10.706563028431994	4.8776231551528326	51.986297362064022
10.755338479572663	4.877467072006425	52.222579720564454
10.804112355178027	4.8773080472130914	52.45880930150463
10.852884625148654	4.8771459457697119	52.69498415209614
10.901655258037886	4.87698063089681 	52.931102249450198
10.950424220991724	4.8768119587094816	53.167161538165132
10.999191479686052	4.8766397799937522	53.403159793874401
11.047956998261069	4.8764639348775063	53.639094698066856
11.096720739252817	4.8762842617122715	53.87496387572277
11.145482663521655	4.8761005899677912	54.110764717146409
11.194242730177606	4.8759127402320246	54.346494610872085
11.243000896502346	4.8757205242111468	54.582150745322714
11.291757117867766	4.8755237482822622	54.817730224800812
11.340511347650926	4.8753222063879775	55.053229987999565
11.389263537145245	4.8751156906945425	55.288646825142202
11.438013635467779	4.8749039738282818	55.523977355160618
11.486761589462366	4.8746868248628061	55.759218124243951
11.535507343598541	4.8744640022135854	55.99436538049234
11.584250839865955	4.8742352518615917	56.229415293641551
11.632992017664169	4.8740003073532989	56.464363789504127
11.681730813687553	4.8737588951297539	56.699206669533631
11.730467161805159	4.8735107256447918	56.933939484471971
11.779200992935287	4.8732554986941068	57.168557550718958
11.82793223491454	4.8729928963098246	57.403055988120904
11.876660812361123	4.8727225916422867	57.637429758772541
11.925386646532161	4.8724442418546232	57.87167347476187
11.974109655174747	4.8721574863463957	58.105781497785642
12.022829752370471	4.8718619520826678	58.339747998792298
12.071546848373142	4.871557248264935	58.573566826941182
12.120260849439427	4.8712429663311241	58.807231546961916
12.168971657652108	4.87091867640288 	59.040735391400396
12.217679170735574	4.8705839379437066	59.2740713414914 
12.266383281863371	4.8702382855481119	59.507231949637031
12.315083879457298	4.8698812324943219	59.740209484538283
12.363780846977809	4.8695122707442806	59.97299586116246
12.412474062705346	4.8691308727200067	60.205582547151558
12.461163399512156	4.8687364877508799	60.437960687603912
12.509848724624266	4.8683285349682137	60.67012092303063
12.558529899373191	4.8679064157397534	60.902053492002075
12.607206778936899	4.867469497682464	61.133748247109843
12.655879212069681	4.8670171288733854	61.365194447450939
12.704547040820387	4.866548621862421	61.596380883614387
12.753210100238588	4.8660632625541211	61.827295870322942
12.80186821806816	4.8655603048786134	62.057927125750901
12.850521214427813	4.8650389690152451	62.288261807378859
12.89916890147799	4.864498441392584	62.518286457521313
12.947811083073608	4.8639378764647745	62.747987016499373
12.996447554402103	4.8633563878297537	62.977348767272048
13.045078101606123	4.862753051781965	63.206356232795848
13.093702501390361	4.8621269037596448	63.434993349319257
13.142320520611818	4.861476938344822	63.66324320183503
13.190931915852898	4.860802109263318	63.891088150635717
13.23953643297666	4.8601013169502494	64.11850965629479
13.288133806663522	4.8593734209845252	64.345488430202536
13.336723759928738	4.858617231207063	64.572004234586643
13.385306003619919	4.8578315059444321	64.798035891529196
13.433880235893815	4.8570149484561398	65.023561221091995
13.482446141671634	4.8561662069346312	65.24855709764239
13.531003392072089	4.8552838727289327	65.472999340001991
13.579551643821326	4.8543664767919381	65.696862551368099
13.628090538638975	4.853412486127695	65.920120269631099
13.676619702599433	4.8524203055677617	66.142744782309109
13.725138745467484	4.8513882671130659	66.364707132127052
13.77364726000744	4.8503146388156892	66.58597709864064
13.8221448212648 	4.8491976123443692	66.806522959564603
13.870630985819627	4.8480352994317855	67.026311640202294
13.919105291010592	4.8468257389799874	67.245308620006668
13.967567254128797	4.8455668846258959	67.463477788042667
14.016016371580429	4.8442566047413038	67.680781345391551
14.064452118017215	4.8428926824328755	67.897179880190734
14.112873945433746	4.8414728013312924	68.112632219789646
14.161281282230654	4.839994556249394	68.327095355434523
14.20967353224273	4.8384554443003935	68.540524340668284
14.258050073730855	4.8368528524633803	68.752872263811042
14.306410258336919	4.8351840664651036	68.964090169690792
14.354753410000626	4.8334462636745457	69.174126954836865
14.403078823837349	4.8316365024447805	69.382929235536963
14.451385764975942	4.8297517238893306	69.590441392841967
14.499673467355748	4.8277887501058103	69.796605336653101
14.547941132481784	4.8257442735177847	70.001360471664384
14.596187928137319	4.8236148550984126	70.204643611547809
14.644412987053036	4.8213969261468037	70.40638894389933
14.692615405531924	4.8190867687480932	70.606527734988134
14.740794242029343	4.8166805299842963	70.804988499103303
14.788948515687499	4.8141742023943834	71.001696622087366
14.837077204823821	4.8115636257506367	71.196574398491023
14.88517924537277	4.8088444835059363	71.389540991184219
14.933253529280742	4.8060122974646902	71.580512100107896
14.981298902853711	4.8030624171246927	71.769400076354444
15.029314165057578	4.7999900232298387	71.956113720008048
15.077298065771208	4.7967901188883388	72.140558021565838
15.125249303992291	4.7934575242436495	72.322634381425587
15.173166525996381	4.7899868764744724	72.502240082282867
15.22104832344966	4.7863726155839004	72.679268507131468
15.268893231476131	4.7826089897284874	72.853608848800675
15.3166997266802 	4.7786900498891782	73.025146032062196
15.36446622512589	4.7746096374368108	73.193760581026964
15.412191080274098	4.7703613894611863	73.359328539851219
15.459872580879757	4.7659387298892852	73.521721283715195
15.507508948850885	4.761334864156197	73.68080549236825
15.555098337072018	4.7565427792051196	73.836443014377934
15.60263882719476	4.7515552434873598	73.988490702656875
15.650128427398679	4.7463647963041922	74.136800331596731
15.697565070126101	4.7409637478068589	74.281218625444581
15.744946609794848	4.7353441843256405	74.421586954191554
15.792270820493423	4.729497954159001	74.55774136120975
15.839535393663681	4.7234166782317288	74.689512537048529
15.886737935776475	4.7170917429895098	74.816725653872808
15.933875966006354	4.7105143021752838	74.939200339889425
15.980946913912042	4.7036752786056013	75.056750626959953
16.027948117129899	4.6965653659469808	75.169184927676554
16.074876819088278	4.6891750251631947	75.276306014107405
16.121730166751313	4.6814945058315516	75.377910969752961
16.168505208401392	4.6735138248266139	75.473791200145058
16.21519889147018	4.6652227894128373	75.563732618245012
16.261808060428809	4.6566110007972839	75.647515403348464
16.308329454748499	4.6476678612350497	75.724914364820279
16.354759706943774	4.6383825775819787	75.795698677267524
16.40109534071086	4.628744175505517	75.859632485227749
16.44733276917486	4.6187415172482815	75.916474530226068
16.493468293259767	4.6083632980753464	75.965978708986071
16.539498100196237	4.5975980889068069	76.007893999224308
16.585418262182596	4.5864343114487838	76.041964856939984
16.631224735215188	4.5748602950368422	76.067931387403519
16.676913358104784	4.5628642837414191	76.085529758056566
16.722479851696292	4.5504344399205365	76.094492265498189
16.76791981830938	4.5375588868523664	76.094548178625885
16.813228741418154	4.5242257371569394	76.085423585597653
16.858401985588195	4.510423096348859	76.066842196630787
16.903434796689524	4.4961391232334336	76.038525743223531
16.948322302404126	4.4813620228012496	76.000194506421153
16.993059513046603	4.4660801066243039	75.951567855976748
17.037641322716397	4.4502818283831402	75.892365102271796
17.082062510799648	4.4339557909722771	75.82230551646461
17.126317743838307	4.417090817554481	75.741109991510541
17.170401577783412	4.3996759728770485	75.648500844828561
17.214308460648652	4.3817006023516569	75.544203266423835
17.258032735579306	4.3631543853450694	75.427945751091428
17.301568644350347	4.3440273707062715	75.299461212671616
17.344910331306203	4.3243100229517495	75.158487747211311
17.388051847752855	4.3039932684507676	75.004769592866765
17.430987156811351	4.2830685451633599	74.838058104201224
17.473710138739474	4.2615278417201807	74.658112802485206
17.516214596726254	4.2393637578186372	74.464702254386467
17.558494263161553	4.2165695326445984	74.257605273304975
17.600542806380165	4.1931391123739559	74.036611886781671
17.642353837877263	4.1690671856997596	73.801524440444737
17.683920919988878	4.1443492335702103	73.55215852667655
17.725237574028167	4.1189815753739367	73.288344174098029
17.766297288864845	4.0929613938089915	73.009926923575136
17.807093529931986	4.0662868201479796	72.716768977375736
17.847619748641019	4.0389569235799172	72.408749725904798
17.88786939218231	4.0109717858172189	72.085767353195308
17.927835913685374	3.9823325153065525	71.747739440426656
17.967512782709569	3.9530412898614031	71.394603888149817
18.006893496032678	3.9231013779783552	71.026319906163479
18.045971588701875	3.8925171601533748	70.642868623421947
18.084740645308493	3.8612941608562323	70.244254080662301
18.123194311445385	3.8294390627413577	69.830503518578965
18.161326305303135	3.79695970664784 	69.401668302287447
18.199130429359109	3.7638651022575687	68.957824200519497
18.236600582111535	3.7301654458588018	68.499071979154849
18.273730769809191	3.6958720954771707	68.025537341320955
18.310515118126084	3.6609975708756792	67.537371567479013
18.34694788372974	3.6255555500019909	67.034751303889976
18.383023465691323	3.589560840566719	66.517878790635095
18.418736416685864	3.5530293587271444	65.986981228974287
18.454081453931327	3.5159780900073656	65.442311239141674
18.489053469816124	3.4784250857455845	64.884146128795877
18.523647542166138	3.4403893849344058	64.312787401099854
18.557858944103824	3.4018910035626959	63.728560374334677
18.591683153454422	3.3629508671140229	63.131813387332308
18.625115861656496	3.3235907750395199	62.522917048069651
18.658152982137214	3.2838333225981842	61.902263195674067
18.690790658115652	3.2437018724351674	61.270264500876863
18.723025269801209	3.2032204622112204	60.627352655023479
18.754853440957664	3.1624137655228424	59.973977725242534
18.786272044807518	3.1213070030844392	59.310606758678588
18.817278209255264	3.0799258858849043	58.637722495307131
18.847869321412404	3.0382965476860591	57.955822258583225
18.878043031411426	2.9964454562048104	57.265416223524205
18.907797255500082	2.9543993633751597	56.567026196443372
18.937130178411724	2.9121852200830745	55.861184174476037
18.966040255011599	2.869830098006787	55.148430549081574
18.994526211223075	2.8273611434315171	54.429313231221514
19.022587044241881	2.7848054600099204	53.704385280021484
19.050222022050065	2.7421900981039471	52.974204331900566
19.077430682245083	2.6995419410980048	52.239330263227423
19.104212830202762	2.656887652108253	51.500324255110527
19.13056853659597	2.614253627797325	50.757747171813776
19.15649813429367	2.5716659131092001	50.012158198621378
19.182002214667545	2.5291501621893531	49.264113266503017
19.207081623335696	2.4867315708831939	48.514164012342953
19.231737455374827	2.4444348341035038	47.762856257279303
19.255971050033896	2.4022840960924441	47.010729024576165
19.279783984983681	2.3603028935781367	46.258313008312946
19.303178070137598	2.3185141344583826	45.50612999581395
19.326155341079989	2.2769400516153837	44.754691264159767
19.348718052138413	2.2356021602831788	44.004497208505889
19.37086866913679	2.1945212402840752	43.256035876070776
19.392609861866109	2.1537173076069394	42.509782737174  
19.413944496309128	2.1132095824327735	41.766199430273666
19.434875626654971	2.0730164891347158	41.025733611390642
19.455406487138845	2.0331556100927628	40.288817569291602
19.475540483741124	1.9936437105627647	39.55586884596147
19.495281185779049	1.9544966960438614	38.827288795220994
19.514632317423072	1.9157296335947649	38.103462735312355
19.533597749168521	1.8773567163066218	37.384759349863558
19.552181489291875	1.8393913094882919	36.671530997430715
19.570387675319392	1.8018459009283561	35.964112643478025
19.588220565534268	1.7647321435276808	35.26282274282508
19.605684530546874	1.7280608588521318	34.567962466508291
19.622784044950979	1.691842022921719	33.879816048240784
19.639523679087144	1.6560848052904475	33.198650653965899
19.655908090932829	1.6207975654936035	32.52471674807817
19.671942018137056	1.5859878779167502	31.858247981349955
19.687630270215809	1.5516625389011551	31.199461505957764
19.702977720922792	1.5178276022709269	30.548558439974812
19.717989300808426	1.4844883722275881	29.905723431745734
19.732669989978589	1.4516494601934937	29.271125910810468
19.747024811063024	1.4193147599428357	28.644919669024247
19.761058822401893	1.3874875079977755	28.027243779299138
19.774777111457624	1.3561703013920123	27.418222331097244
19.788184788457912	1.3253650976707831	26.817965435205352
19.801286980274394	1.2950732646288543	26.226569535183781
19.814088824540494	1.2652955909686625	25.644117373396789
19.826595464010719	1.2360323076165969	25.07067915835875
19.838812041162726	1.2072831268028494	24.506312473123703
19.850743693042528	1.1790472527195561	23.951062962627336
19.862395546352328	1.1513234099425063	23.404964815721847
19.873772712779605	1.1241098718528519	22.868040970053212
19.88488028456543	1.0974044819533901	22.340304168001211
19.895723330309263	1.0712046680794174	21.821756747388708
19.906306891006857	1.0455074743731529	21.312391635560047
19.916635976317419	1.0203095861527345	20.812192641713469
19.926715561055619	0.99560736188664123	20.321134681309193
19.936550581903649	0.97139681187741189	19.839184640014153
19.946145934338151	0.94767367642134559	19.366301675093965
19.955506469766529	0.92443341159764714	18.902437448030913
19.964636992866872	0.90167121058470912	18.447536855108993
19.973542259125448	0.87938204273996234	18.001538406242538
19.982226972565641	0.85756064649444852	17.5643743925827 
19.990695783662087	0.83620157198538436	17.135971480992197
19.998953287433022	0.81529918460887529	16.716251239379833
20.00700402170505	0.7948476721253428	16.305130237224574
20.01485246554374	0.77484109439751592	15.902520643933787
20.022503037842792	0.75527336562686287	15.508330188606731
20.029960096065679	0.73613827922258679	15.122463186531391
20.037227935133252	0.71742953622333516	14.744820358014868
20.044310786450701	0.69914073108634511	14.375299073517372
20.051212817067494	0.68126539432000754	14.013794097361057
20.05793812896399	0.66379698893115346	13.660197406413875
20.064490758458533	0.64672891397776766	13.31439886291356
20.070874675728891	0.63005454009612549	12.976286317734843
20.077093784442116	0.61376720239536553	12.645745713143338
20.083151921486984	0.59786020756291691	12.32266168430642
20.089052856803352	0.5823268587334951	12.006917376297801
20.094800293302921	0.56716044483096084	11.69839497366279
20.100397866876019	0.5523542689900296	11.396975801747935
20.105849146479226	0.53790165210898522	11.102540641578011
20.111157634298863	0.52379591508611156	10.814969401514881
20.116326765985406	0.51003042500497031	10.534142216498612
20.121359910954197	0.49659857026540521	10.259938618526848
20.126260372747975	0.48349378900525153	9.992238563575496
20.13103138945679	0.4707095548894813	9.7309218146233238
20.135676134191261	0.45823939487377174	9.4758688247973826
20.140197715605094	0.44607688920450528	9.2269600471060507
20.144599178463071	0.43421568207691053	8.9840767449408041
20.14888350425089	0.42264947808234865	8.7471008724423136
20.153053611823228	0.41137203865559968	8.5159150254304681
20.157112358086913	0.40037721404928561	8.2904028210293479
20.161062538715836	0.3896589113594473	8.0704484892092641
20.16490688889467	0.3792111229472539	7.8559376806857477
20.16864808408851	0.3690279157808618	7.6467569854645641
20.172288740835711	0.35910343498812836	7.442794166588854
20.175831417561341	0.34943191096203918	7.2439381784064505
20.179278615408791	0.3400076593607082	7.0500793274864071
20.182632779087239	0.33082507755466395	6.8611092896127355
20.185896297732775	0.32187865173227692	6.6769210543988384
20.189071505781151	0.31316295689975959	6.4974091560364959
20.192160683850172	0.3046726568811664	6.3224693298111072
20.195166059629933	0.29640249721296641	6.1519992437200619
20.198089808779176	0.28834733001303903	5.9858977234524975
20.200934055826181	0.28050207845353725	5.8240652677250493
20.203700875072595	0.27286177228802444	5.6664039893620881
20.206392291498954	0.26542151587705121	5.5128175557714538
20.209010281670398	0.25817652016257853	5.3632112006284887
20.211556774641494	0.25112207424626831	5.2174919504514348
20.214033652858927	0.24425356670576548	5.075568132800063
20.21644275306107	0.23756647138384324	4.9373498890358398
20.218785867173409	0.23105635094111676	4.8027489687781877
20.221064743198941	0.2247188568560432	4.6716788829289113
20.223281086102642	0.218549725872208	4.5440544816640518
20.22543655868936	0.21254479065646592	4.4197925376043408
20.227532782474299	0.20669996558808634	4.2988111793022625
20.22957133854549	0.20101125031146694	4.1810303300693263
20.231553768417665	0.19547472618341999	4.066371428026045
20.233481574877015	0.19008656693131343	3.954757433146582
20.2353562228163 	0.18484302088950244	3.8461130496363567
20.237179140059894	0.17974042521018418	3.7403643730005567
20.238951718178399	0.17477519520525675	3.6374392555859378
20.2406753132924 	0.16994382434631916	3.5372668091975967
20.242351246865145	0.16524289137009873	3.4397778420023664
20.243980806483819	0.16066903540945532	3.3449045762458414
20.245565246629184	0.15621899507323178	3.2525808690252824
20.247105789433395	0.15188956936640352	3.1627418575179571
20.248603625425801	0.14767763190093319	3.0753241073408843
20.250059914266608	0.14358013800119807	2.9902658327035327
20.25147578546828	0.13959410338770795	2.9075063250802637
20.252852339104582	0.13571662549338726	2.8269866045503229
20.254190646507201	0.13194485859457927	2.7486487760791287
20.255491750949918	0.12827603157461454	2.6724363208010429
20.256756668320293	0.12470744081838347	2.5982941713661587
20.25798638777885	0.12123645021233642	2.5261683553534042
20.259181872405797	0.11786047693362889	2.4560063581041396
20.260344059835298	0.11457700921368996	2.3877568377668759
20.261473862877356	0.11138359923279495	2.3213696280162774
20.26257217012737	0.10827785246192434	2.256795884608481
20.26363984656339	0.10525743832090484	2.1939877999361457
20.264677734131233	0.10232007952026834	2.132898749315765
20.265686652317495	0.099463559166679261	2.073483365214321
20.266667398710599	0.096685720762934579	2.0156973953943456
20.267620749549977	0.093984446891681728	1.9594973449070028
20.268547460263509	0.091357694742555395	1.9048411979618798
20.269448265993358	0.088803449926899702	1.8516877717497502
20.27032388211034	0.086319772663046024	1.7999970061465713
20.271175004716966	0.083904751591035165	1.749729749310077
20.272002311139293	0.081556532194326792	1.7008478312114974
20.272806460407764	0.07927332035251311	1.6533142811525188
20.273588093727188	0.077053346814182078	1.607092680980402
20.274347834935977	0.074894895618626833	1.5621477425275798
20.275086290954896	0.072796307648559377	1.5184452368622159
20.275804052225386	0.070755948655687462	1.4759514192374412
20.276501693137718	0.06877223768242402	1.4346337504720392
20.277179772449092	0.066843629298318774	1.3944603217719354
20.277838833691874	0.06496862425819927	1.3554002158859411
20.278479405572146	0.063145755291316163	1.3174232199130937
20.279102002358741	0.061373604864911613	1.2804998982242533
20.279707124262941	0.059650780315223528	1.2446015212621602
20.280295257809005	0.057975931611053966	1.2097002824784893
20.280866876195685	0.056347747801055448	1.1757690109187169
20.281422439648932	0.054764942802876249	1.1427810998745405
20.28196239576598	0.053226280272156146	1.1107110119224315
20.282487179850932	0.051730538075389632	1.0795333428903664
20.282997215242037	0.050276543817062702	1.0492239753208807
20.283492913630855	0.048863139312516068	1.0197589261737954
20.28397467537344	0.047489212562368266	0.99111506792173421
20.284442889793731	0.046153672883519903	0.96326998496850413
20.284897935479329	0.044855461567294697	0.93620154175998105
20.285340180569772	0.043593555432153153	0.90988853180782292
20.285769983037557	0.042366938401983134	0.88431010162175205
20.286187690961949	0.041174647691377686	0.85944603937768316
20.286593642795864	0.040015720514929853	0.83527655910550436
20.2869881676259 	0.038889247377937863	0.81178273348253072
20.287371585425674	0.037794315232986264	0.78894562933024159
20.287744207302659	0.036730060770651107	0.76674731694830622
20.28810633573864	0.035695627786935802	0.74517007763365162
20.288458264823934	0.034690192052266866	0.72419662018446762
20.288800280485525	0.033712943547925533	0.70381044157206007
20.28913266070926	0.032763100676902468	0.68399510643084593
20.289455675756262	0.031839906711184085	0.66473496809132671
20.289769588373641	0.030942619133611515	0.64601437593678379
20.290074653999717	0.030070509637880605	0.62781854059803732
20.290371120963812	0.029222881892110308	0.61013288543641542
20.290659230680799	0.028399060880701654	0.59294319090089032
20.290939217840506	0.02759837158805567	0.57623566680167504
20.291211310592097	0.026820178078423851	0.55999695249251125
20.291475730723576	0.026063851521485049	0.54421390077700826
20.291732693836511	0.025328777297772831	0.52887393850759323
20.29198240951612	0.024614362104102838	0.51396470629740465
20.292225081496799	0.023920033953572784	0.49947420283791499
20.292460907823251	0.023245231517421416	0.48539078503541028
20.292690081007276	0.022589407677742201	0.47170295186057504
20.29291278818037	0.021952029527483319	0.45839977702383117
20.293129211242238	0.021332581923161342	0.44547062072477933
20.293339527005301	0.02073056748486124	0.43290491347180132
20.293543907335291	0.020145499490809016	0.42069251665421037
20.293742519288092	0.019576891219230674	0.40882350635478248
20.293935525242855	0.019024298580916366	0.39728846182903588
20.294123083031522	0.018487259723087845	0.38607788881408583
20.294305346064835	0.017965344767389979	0.37518272428831601
20.294482463454937	0.017458130940894989	0.3645942644565966
20.29465458013464	0.016965202576102456	0.35430380432517883
20.294821836973458	0.016486165321794033	0.34430299826510663
20.29498437089044	0.016020621274037694	0.33458371587900892
20.295142314963989	0.015568197397897166	0.32513825836854987
20.295295798538643	0.015128520658436173	0.31595870967494533
20.295444947328949	0.014701239337000516	0.30703780175726475
20.295589883520513	0.014286001714935992	0.29836819362160072
20.29573072586825	0.013882470284443116	0.28994283188161163
20.295867589791982	0.013490314643149759	0.28175487870292509
20.296000587469376	0.013109218599538508	0.27379771184740581
20.296129827926357	0.012738873067519307	0.26606478050337695
20.296255417125046	0.012378968961002101	0.25854974953350829
20.296377458049239	0.012029214957465229	0.25124671583316172
20.296496050787574	0.011689330392528063	0.24414955940794383
20.29661129261439	0.011359034601809981	0.23725244814829702
20.296723278068349	0.011038054026357713	0.23054990997229405
20.296832099028904	0.010726136423500066	0.22403640020979709
20.296937844790687	0.010423018892424807	0.21770659005905924
20.297040602135741	0.010128452743174421	0.21155529450541666
20.297140455403873	0.0098421999439324281	0.20557761656502435
20.297237486560981	0.0095640295683097065	0.19976858676209316
20.297331775265533	0.009293710689917134	0.1941233794764734
20.297423398933187	0.009031023040506625	0.18863752929658001
20.297512432799607	0.0087757499045437726	0.1833064983786839
20.29759894998158	0.0085276887773488852	0.17812596490586727
20.297683021536365	0.0082866264961012348	0.17309153466132901
20.297764716519492	0.0080523712142621662	0.1681992458238713
20.297844102040855	0.0078247310852930241	0.16344513631716781
20.297921243319319	0.0076035213680825109	0.15882524382209914
20.297996203735778	0.0073885608742330078	0.15433575001393682
20.29806904488472	0.0071796719680605747	0.1499729805762523
20.298139826624404	0.0069766805665949505	0.14573340521408937
20.298208607125595	0.0067794232450069103	0.14161356555295845
20.298275442918975	0.0065877365784672293	0.13761007514942322
20.298340388941206	0.006401467800287719	0.13371976372908126
20.298403498579699	0.0062204605910665123	0.12993917239908681
20.298464823716184	0.0060445692895427783	0.12626541902448163
20.298524414769027	0.0058736446817420074	0.12269540498366557
20.298582320734354	0.0057075482118307264	0.11922631997601839
20.298638589226059	0.0055461484294028196	0.11585520934245723
20.298693266514682	0.0053893103313384927	0.11257926253065156
20.298746397565196	0.00523690246723163	0.10939588521845345
20.298798026073719	0.0050888004921034735	0.10630255509111834
20.298848194503236	0.0049448871664026228	0.10329653338419295
20.298896944118304	0.0048050381451503199	0.10037551392975411
20.298944315018787	0.0046691397415088431	0.09753697412096371
20.298990346172634	0.0045370889267815073	0.094778679728266355
20.299035075447755	0.004408768461416912	0.092098252207963902
20.299078539643006	0.0042840717640046933	0.089493673521170145
20.299120774518293	0.0041629029112755234	0.086962709206998223
20.29916181482384	0.0040451588745327172	0.084503268968575657
20.299201694328627	0.0039307401777932682	0.082113334560810311
20.299240445848039	0.0038195615559288854	0.079790959794278249
20.29927810127074	0.0037115235329565621	0.077534198421517889
20.299314691584811	0.0036065372910343285	0.075341248374896155
20.299350246903096	0.0035045246704612509	0.073210307535294603
20.299384796487892	0.0034053933006816806	0.071139573734605582
20.299418368774933	0.0033090650219946838	0.069127388993919431
20.299450991396697	0.003215461674699327	0.067172095290949516
20.299482691205032	0.0031245015463809978	0.065272034562136122
20.299513494293201	0.0030361135827661201	0.063425765059404421
20.299543426017269	0.0029502302822947968	0.061631700761926998
20.299572511016891	0.0028667699325524154	0.059888327732194414
20.299600773235522	0.0027856721374064364	0.058194276236819692
20.299628235940059	0.0027068693952969625	0.056548032274476343
20.299654921739926	0.0026302906519504177	0.054948442407772212
20.299680852605636	0.00255588261666162	0.053394064697333529
20.299706049886819	0.0024835742351569934	0.051883601414953476
20.299730534329733	0.0024133157694450347	0.050415826926759444
20.299754326094302	0.0023450397179658466	0.048989587694852475
20.299777444770665	0.0022786963427279261	0.047603730159640159
20.299799909395261	0.0022142288003124122	0.046257028621589757
20.299821738466445	0.002151583800014123	0.044948473719339098
20.299842949959714	0.0020907116038415552	0.043676839715113304
20.299863561342434	0.0020315624738032056	0.042441189331171685
20.299883589588205	0.0019740866719075711	0.041240441034548388
20.299903051190796	0.0019182344601631485	0.040073657515807194
20.299921962177699	0.001863963206005792	0.038939973570765229
20.299940338123303	0.0018112267241576774	0.037838307622288132
20.299958194161675	0.001759982382054659	0.036767794439215365
20.299975544999015	0.0017101875471325911	0.035727568778170661
20.299992404926506	0.0016617995868273283	0.034716765384153449
20.300008787830446	0.0016147829740020825	0.033734518991104773
20.300024707203718	0.0015690915233790292	0.03278003644256236
20.300040176158518	0.0015246968132487382	0.031852668812633669
20.300055207436294	0.0014815597637607425	0.030951406565410247
20.300069813418197	0.0014396377423508966	0.030075744997459346
20.300084006135268	0.0013989058800234488	0.029224746675754962
20.30009779727834	0.0013593250969279325	0.028397906881152596
20.300111198207642	0.0013208598659275594	0.027594360285496763
20.300124219962147	0.0012834924234539358	0.026813674276061829
20.300136873268656	0.0012471730315155583	0.026054983510966155
20.3001491685506 	0.0012118839265440329	0.025317783244415235
20.300161115936632	0.0011775931341162504	0.024601496604430319
20.300172725268954	0.0011442757852364593	0.023905330351580659
20.300184006111408	0.0011118928000541928	0.023228923964941563
20.300194967757353	0.0010804335204284143	0.022571700556911954
20.300205619237303	0.001049862419222336	0.021933011114397258
20.300215969326352	0.0010201546274402062	0.021312422982123335
20.300226026551403	0.00099128882879995217	0.020709431379998807
20.300235799198191	0.00096324015430582222	0.020123459403125134
20.300245295318085	0.00093598373496206477	0.019554002263664241
20.300254522734715	0.00090949825448660704	0.019000699412157904
20.300263489050426	0.00088376239659737621	0.018463118175053
20.300272201652511	0.00085875484501229948	0.0179406816336652
20.300280667719303	0.00083445783616298286	0.017433029229292327
20.300288894226107	0.00081084294833999593	0.016939728279486282
20.300296887950893	0.00078789952340230229	0.016460418220262011
20.300304655479906	0.00076560624506782915	0.015994666364084188
20.300312203213082	0.0007439417970545037	0.015542040021014942
20.300319537369315	0.00072288841579393193	0.015102250741225811
20.300326663991573	0.00070243544314507744	0.014674937951702414
20.300333588951879	0.00068255801011218864	0.014259668956210753
20.300340317956145	0.00066324545855422912	0.01385615529908862
20.300346856548863	0.00064447647218912607	0.013464036401692997
20.30035321011767	0.0006262368401621643	0.013083095926324227
20.300359383897792	0.0006085194570459862	0.012712901169822472
20.300365382976349	0.00059129590113116137	0.012353163670127875
20.30037121229654	0.00057456617241768981	0.012003594963804615
20.300376876661723	0.00055830895462349872	0.01166390658610748
20.30038238073935	0.00054251003689387289	0.011333810071045438
20.300387729064848	0.00052715520837409713	0.011013161194334632
20.300392926045319	0.00051224091635049263	0.010701527244855314
20.300397975963175	0.00049774584454098658	0.010398691874712512
20.300402882979679	0.0004836593348045426	0.01010436661356235
20.300407651138357	0.00046997428171380307	0.0098184793546461698
20.300412284368335	0.00045667292170037399	0.0095405973828051934
20.300416786487578	0.00044375170205057657	0.0092706485896246506
20.300421161206025	0.0004311928591960168	0.0090083445013399589
20.30042541212865	0.00041899284042301588	0.0087533966433837491
20.30042954275844	0.00040713388216317981	0.0085057329052233566
20.300433556499261	0.00039561243170282978	0.0082649926893233489
20.30043745665867	0.0003844178309009294	0.0080311760055363796
20.300441246450649	0.00037353942161644227	0.0078038501334287058
20.300444928998242	0.00036297009842201078	0.007583015081757744
20.300448507336128	0.00035269920317659853	0.0073684544938891015
20.300451984413122	0.00034271607773916912	0.0071599520126650216
20.30045536309461	0.00033302072210972256	0.0069573634021238484
20.300458646164895	0.00032359537271986483	0.0067604001824685027
20.3004618363295 	0.00031444002956959594	0.0065691344819899314
20.300464936217399	0.00030553692909052188	0.0063832056983634498
20.300467948383183	0.00029689317671000026	0.0062026138374611456
20.300470875309156	0.00028849100885963708	0.0060270704178950248
20.300473719407378	0.00028032687282575353	0.0058565033231436176
20.300476483021672	0.00027239366318099201	0.0056907683146428635
20.30047916842954	0.00026468782721167372	0.0055297211535298542
20.300481777844034	0.00025719515406308346	0.0053732897224474602
20.300484313415591	0.00024991564373522124	0.0052212576602067131
20.30048677723379	0.00024284574351440824	0.0050734807271323248
20.300489171329094	0.00023597479525960807	0.0049298868051217528
20.300491497674514	0.00022929569354346313	0.0047903316540487085
20.300493758187226	0.00022280843836597342	0.0046548152772324545
20.300495954730163	0.00021650237158610253	0.0045230491904780252
20.300498089113539	0.00021037749320385046	0.0043951055185731608
20.300500163096341	0.00020442314507818082	0.004270695776920015
20.300502178387799	0.00019863577449541481	0.0041498920900002768
20.300504136648755	0.00019301893416923122	0.0040324780947216914
20.300506039493076	0.00018755486053123605	0.0039183095496752793
20.300507888488951	0.0001822471062951081	0.0038074585789506388
20.30050968516019	0.00017708856603348977	0.0036997088189981262
20.300511430987495	0.00017207568703270226	0.0035949881498939891
20.300513127409669	0.00016720846929274558	0.0034932965735070464
20.300514775824791	0.00016247625467258331	0.0033943456039807838
20.300516377591379	0.00015787904317221546	0.0032983516087014492
20.300517934029518	0.00015340972936428443	0.0032050261015960165
20.300519446421934	0.00014906831324879022	0.0031142969622142708
20.300520916015053	0.00014485124211205402	0.0030262363138855064
20.300522344020031	0.00014075141052671825	0.0029404835482681681
20.300523731613755	0.00013676881849278288	0.0028573271543499801
20.300525079939806	0.00013289636058289034	0.0027764065236091651
20.300526390109404	0.00012913403679704061	0.0026979380229988277
20.300527663202317	0.00012548184713523369	0.0026215610438174745
20.300528900267782	0.00012193268617011199	0.0025473477089985358
20.300530102325315	0.00011847944847431791	0.0024752258975169294
20.300531270365603	0.00011512923947520903	0.002405267732230773
20.300532405351287	0.00011187140103174897	0.0023371126041247599
20.300533508217775	0.00010870593314393773	0.0022709768798979059
20.300534579874  	0.00010562573038441769	0.0022067163163475073
20.300535621203185	0.00010264145089422527	0.0021443309141802079
20.30053663306354	9.9735331104966463e-005	0.0020836043080996094
20.300537616288999	9.6910923730320064e-005	0.0020246807427070934
20.300538571689899	9.4168228770286078e-005	0.0019674159746143529
20.300539500053649	9.1507246224864502e-005	0.0019117378823799815
20.300540402145373	8.8917317953018937e-005	0.0018575743445246281
20.300541278708529	8.6398443954749382e-005	0.0018049974835480933
20.300542130465558	8.3954176943734637e-005	0.0017539351779195752
20.300542958118452	8.1577411492617102e-005	0.0017043153060748452
20.300543762349328	7.9268147601396777e-005	0.0016560657464179795
20.300544543821008	7.7026385270073661e-005	0.0016091864993425212
20.300545303177557	7.4848571784968954e-005	0.0015636775652246486
20.300546041044811	7.2727601718725055e-005	0.0015193947003739141
20.300546758030897	7.0670580498699564e-005	0.0014764100271457477
20.300547454726733	6.8666849983856082e-005	0.0014345793018008825
20.300548131706513	6.6727068315231008e-005	0.0013940467686965015
20.30054878952819	6.4840577351787942e-005	0.0013545960620210157
20.300549428733916	6.3003824379848083e-005	0.001316227182033776
20.300550049850507	6.1220362113090232e-005	0.0012789401289827343
20.30055065338987	5.9486637837835588e-005	0.00124280702514676
20.300551239849426	5.7806204267762951e-005	0.0012076836266708333
20.300551809712527	5.616840326183592e-005	0.0011734978117189244
20.300552363448837	5.4576787533733295e-005	0.0011402495804857262
20.300552901514727	5.3034909797133878e-005	0.0011080110552074433
20.300553424353659	5.1535664624680066e-005	0.0010766379919637779
20.300553932396543	5.0075499302693061e-005	0.0010461303909190527
20.300554426062096	4.8657966544851661e-005	0.001016560374286006
20.300554905757185	4.7283066351155867e-005	0.00098778369810526966
20.30055537187717	4.5943693294248078e-005	0.0009598003625150988
20.300555824806214	4.4643400087807095e-005	0.00093268248970842496
20.300556264917603	4.3378634018154116e-005	0.00090628583569168659
20.30055669257408	4.2152947798967944e-005	0.00088061040058080636
20.300557108128107	4.0959236002890975e-005	0.00085572830655206448
20.300557511922172	3.9801051343602012e-005	0.00083149530958198507
20.300557904289072	3.8674841107422253e-005	0.00080798353183575986
20.300558285552192	3.7580605294351699e-005	0.00078512085134040469
20.300558656025768	3.6518343904390349e-005	0.00076283514611320954
20.300559016015129	3.5480951510180603e-005	0.00074127066037957279
20.300559365816969	3.4479086252758862e-005	0.00072028315007679241
20.300559705719593	3.3502089991088724e-005	0.00069994473735325504
20.300560036003141	3.255351543884899e-005	0.00068018330020664123
20.300560356939826	3.163336259603966e-005	0.00066085459454930909
20.300560668794169	3.0738078748981934e-005	0.00064217498667386579
20.300560971823177	2.9867663897675811e-005	0.00062400023248588058
20.300561266276613	2.9022118042121292e-005	0.00060633033204068973
20.300561552397159	2.8201441182318376e-005	0.00058916528539119516
20.300561830420627	2.7405633318267064e-005	0.00057250509258796232
20.300562100576162	2.6627589022609754e-005	0.0005562776315956139
20.300562363086424	2.5874413722704048e-005	0.00054055502454210941
20.300562618167771	2.5142554704871145e-005	0.0005252651493860527
20.300562866030429	2.4432011969111045e-005	0.00051040800616694538
20.300563106878691	2.3739232801744947e-005	0.00049591147283516515
20.300563340911062	2.3067769916451653e-005	0.00048191979360070797
20.300563568320428	2.2417623313231161e-005	0.00046828872432248944
20.300563789294202	2.1778134851047071e-005	0.00045501826503103468
20.300564004014518	2.1163515384614584e-005	0.00044218053784619382
20.300564212658347	2.05666594865761e-005	0.00042963129861531431
20.300564415397652	1.9984014443252818e-005	0.0004174426694549514
20.30056461239953	1.9419132968323538e-005	0.00040568677248349085
20.300564803826337	1.886846234810946e-005	0.00039421936354022984
20.300564989835852	1.8335555296289385e-005	0.00038304044264635335
20.300565170581379	1.7813306385505712e-005	0.00037215000982212485
20.300565346211886	1.7312373756794841e-005	0.00036169230927806105
20.300565516872123	1.6822099269120372e-005	0.00035145097474785741
20.300565682702754	1.6342482922482304e-005	0.00034149812834410474
20.300565843840452	1.5880630144238239e-005	0.00033183377008368841
20.300566000418023	1.5432988220709376e-005	0.0003224578999827467
20.30056615256451	1.4996004438216914e-005	0.00031329839595818458
20.300566300405318	1.4573231510439655e-005	0.00030442738012217345
20.300566444062291	1.4161116723698797e-005	0.00029584485248883616
20.300566583653833	1.375966007799434e-005	0.00028747869097156911
20.300566719294995	1.3368861573326285e-005	0.00027932889558176757
20.300566851097567	1.2992273923373432e-005	0.00027139546633032929
20.300566979170181	1.262279170077818e-005	0.00026367840322767471
20.300567103618395	1.226752033289813e-005	0.00025624982838576093
20.300567224544778	1.1919354392375681e-005	0.00024896549761056514
20.300567342048996	1.1581846592889633e-005	0.00024196965511559559
20.300567456227892	1.1254996934439987e-005	0.00023511805670423672
20.300567567175573	1.0938805417026742e-005	0.00022848282448723709
20.300567674983483	1.0626166613292298e-005	0.00022199183636845423
20.300567779740472	1.0327738664273056e-005	0.00021571721445879033
20.300567881532878	1.0032863428932615e-005	0.000209586836660683
20.300567980444605	9.7486463346285746e-006	0.00020367282508519525
20.30056807655717	9.4715346676821355e-006	0.0001979030576334395
20.300568169949788	9.2050811417720979e-006	0.00019234965641664548
20.300568260699436	8.9457330432196613e-006	0.00018686837722846369
20.300568348880905	8.6934903720248258e-006	0.00018160346428587522
20.300568434566873	8.4448004145087907e-006	0.00017641067338076757
20.300568517827962	8.2067685980291571e-006	0.00017150637083815931
20.300568598732799	7.9758422089071246e-006	0.00016667419034171053
20.300568677348057	7.7484685334638925e-006	0.00016184200978683946
20.300568753738535	7.5282002853782615e-006	0.00015729831760785413
20.300568827967194	7.3150374646502314e-006	0.00015289886959353431
20.300568900095204	7.1089800712798024e-006	0.00014857154363885321
20.300568970182031	6.9100281052669743e-006	0.00014431633974641933
20.300569038285428	6.7110761392541463e-006	0.00014020538002780067
20.300569104461523	6.5227823142777197e-006	0.00013631078659542858
20.300569168764859	6.3380412029800937e-006	0.00013241619312435432
20.300569231248438	6.1604055190400686e-006	0.00012866584383557902
20.300569291963757	5.9863225487788441e-006	0.0001249876166218426
20.300569350960853	5.81579229219642e-006	0.00012145363359531902
20.30056940828835	5.652367462971597e-006	0.000118063894758517
20.300569463993501	5.4924953474255744e-006	0.00011474627800320564
20.30056951812222	5.3326232318795519e-006	0.000111500783331074
20.300569570719119	5.1834092573699309e-006	0.0001083274107437389
20.300569621827545	5.0377479965391103e-006	0.00010522616024274781
20.300569671489622	4.8920867357082898e-006	0.00010226915394096445
20.300569719746285	4.7570836159138707e-006	9.9384269728775715e-005
20.300569766637302	4.6220804961194517e-006	9.6571507607522294e-005
20.300569812201321	4.4906300900038332e-006	9.3830867578486484e-005
20.300569856475896	4.3627323975670151e-006	9.1162349642894721e-005
20.300569899497514	4.2383874188089976e-006	8.8638075914136306e-005
20.300569941301642	4.1211478674085811e-006	8.6113802169052287e-005
20.300569981922727	4.0039083160081645e-006	8.3661650520774005e-005
20.30057002139425	3.8902214782865485e-006	8.1281620970326127e-005
20.300570059748747	3.780087354243733e-006	7.8973713518687931e-005
20.300570097017829	3.673505943879718e-006	7.6737928166795179e-005
20.300570133232206	3.5704772471945034e-006	7.4574264915541863e-005
20.300570168421732	3.4710012641880894e-006	7.2482723765781887e-005
20.300570202615408	3.3715252811816754e-006	7.0391182605006051e-005
20.300570235841413	3.2756020118540619e-006	6.8443885660521248e-005
20.300570268127135	3.1832314562052488e-006	6.6496588706306816e-005
20.300570299499185	3.0908609005564358e-006	6.4621413856407318e-005
20.300570329983415	3.0055957722652238e-006	6.2818361111509761e-005
20.300570359604954	2.9203306439740118e-006	6.1015308358370994e-005
20.30057038838822	2.8386182293616002e-006	5.928437771130487e-005
20.300570416356923	2.7604585284279892e-006	5.7625569170917101e-005
20.300570443534127	2.6787461138155777e-006	5.5966760623579759e-005
20.300570469942226	2.6041391265607672e-006	5.4452196298158615e-005
20.30057049560299	2.5295321393059567e-006	5.286550985228065e-005
20.300570520537562	2.4584778657299466e-006	5.1350945514874018e-005
20.300570544766494	2.3874235921539366e-006	4.9836381171855691e-005
20.300570568309762	2.3199220322567271e-006	4.8466061052760822e-005
20.300570591186762	2.2524204723595176e-006	4.7095740928804288e-005
20.300570613416351	2.1920243398199091e-006	4.5797542914995379e-005
20.300570635016854	2.1280754936015001e-006	4.4427222781935681e-005
20.300570656006069	2.071232074740692e-006	4.3201146874505608e-005
20.300570676401296	2.0108359422010835e-006	4.1975070963202413e-005
20.300570696219346	1.9539925233402755e-006	4.0821117163301089e-005
20.300570715476553	1.8971491044794675e-006	3.9667163359953296e-005
20.300570734188788	1.84385839929746e-006	3.8513209553288447e-005
20.30057075237147	1.7905676941154525e-006	3.7431377858766203e-005
20.300570770039588	1.7408297026122455e-006	3.6421668276700785e-005
20.300570787207704	1.6910917111090384e-006	3.5339836576466861e-005
20.300570803889965	1.6449064332846319e-006	3.4402249104552409e-005
20.300570820100134	1.5987211554602254e-006	3.3392539514668775e-005
20.300570835851556	1.5525358776358189e-006	3.2454952038012625e-005
20.300570851157222	1.5099033134902129e-006	3.1517364559146905e-005
20.300570866029748	1.4672707493446069e-006	3.0579777078154753e-005
20.300570880481384	1.4246381851990009e-006	2.9714311710919562e-005
20.300570894524046	1.3820056210533949e-006	2.8920968457672683e-005
20.300570908169302	1.3464784842653899e-006	2.8127625202729611e-005
20.300570921428402	1.3073986337985843e-006	2.7262159830200958e-005
20.300570934312276	1.2718714970105793e-006	2.6540938688006763e-005
20.300570946831542	1.2363443602225743e-006	2.5747595428347418e-005
20.300570958996516	1.2008172234345693e-006	2.5026374283323153e-005
20.300570970817226	1.1652900866465643e-006	2.430515313698516e-005
20.300570982303416	1.1333156635373598e-006	2.3656054105558333e-005
20.30057099346455	1.1013412404281553e-006	2.3006955072996468e-005
20.300571004309823	1.0693668173189508e-006	2.2357856039342076e-005
20.300571014848185	1.0409451078885468e-006	2.1708757004636171e-005
20.30057102508832	1.0089706847793423e-006	2.1059657968918335e-005
20.300571035038661	9.8054897534893826e-007	2.0482681048595037e-005
20.300571044707407	9.5567997959733475e-007	1.9905704127405494e-005
20.30057105410253	9.2725827016693074e-007	1.9328727205382227e-005
20.300571063231775	8.9883656073652674e-007	1.8823872399027976e-005
20.300571072102667	8.7752027866372373e-007	1.8319017591966511e-005
20.300571080722513	8.5265128291212022e-007	1.774204066768894e-005
20.300571089098423	8.2778228716051672e-007	1.7237185859260793e-005
20.300571097237299	8.0291329140891321e-007	1.673233105020285e-005
20.300571105145849	7.815970093361102e-007	1.6299598357163453e-005
20.300571112830585	7.567280135845067e-007	1.5794743546944337e-005
20.300571120297846	7.3896444519050419e-007	1.5434132969523323e-005
20.300571127553788	7.1764816311770119e-007	1.4929278158254726e-005
20.30057113460439	6.9633188104489818e-007	1.4496545463196893e-005
20.300571141455464	6.7501559897209518e-007	1.4135934884444837e-005
20.300571148112653	6.5725203057809267e-007	1.3775324305306901e-005
20.300571154581444	6.3593574850528967e-007	1.3342591608992083e-005
20.300571160867172	6.1817218011128716e-007	1.2981981029101987e-005
20.300571166975018	6.0396132539608516e-007	1.2621370448868258e-005
20.300571172910018	5.8619775700208265e-007	1.2188637751431408e-005
20.30057117867706	5.6843418860808015e-007	1.1900149287420992e-005
20.300571184280894	5.5067062021407764e-007	1.1539538706231873e-005
20.300571189726142	5.4001247917767614e-007	1.125105024168185e-005
20.300571195017291	5.2224891078367364e-007	1.0890439659933717e-005
20.300571200158704	5.0803805606847163e-007	1.0601951194884201e-005
20.300571205154615	4.9382720135326963e-007	1.0313462729608227e-005
20.300571210009142	4.7961634663806763e-007	1.0024974264114275e-005
20.30057121472629	4.6540549192286562e-007	9.7364857984105215e-006
20.300571219309944	4.5474735088646412e-007	9.4479973325048554e-006
20.300571223763885	4.4053649617126212e-007	9.1595088664048884e-006
20.30057122809178	4.2987835513486061e-007	8.9431425171920926e-006
20.300571232297202	4.1566750041965861e-007	8.6546540507406662e-006
20.300571236383607	4.0145664570445661e-007	8.438287701220206e-006
20.300571240354369	3.943512183468556e-007	8.2219213515618997e-006
20.300571244212751	3.801403636316536e-007	7.933432884637812e-006
20.300571247961951	3.730349362740526e-007	7.7891886518521045e-006
20.300571251605046	3.5882408155885059e-007	7.5007001846502526e-006
20.300571255145037	3.4816594052244909e-007	7.356455951650228e-006
20.300571258584853	3.4106051316484809e-007	7.1400896013761846e-006
20.300571261927324	3.3040237212844659e-007	6.8516011337946774e-006
20.300571265175204	3.2329694477084558e-007	6.7073569005033606e-006
20.300571268331165	3.1263880373444408e-007	6.4909905499127107e-006
20.300571271397811	3.0198066269804258e-007	6.3467463164568816e-006
20.300571274377681	2.9487523534044158e-007	6.2025020829289148e-006
20.300571277273221	2.8421709430404007e-007	5.986135732077527e-006
20.300571280086817	2.8066438062523957e-007	5.8418914984028838e-006
20.30057128282079	2.7000623958883807e-007	5.6255251473898643e-006
20.300571285477393	2.6290081223123707e-007	5.4812809135795959e-006
20.300571288058812	2.5579538487363607e-007	5.3370366797101351e-006
20.300571290567181	2.4868995751603507e-007	5.1927924457836894e-006
20.300571293004566	2.4158453015843406e-007	5.0485482118023931e-006
20.300571295372972	2.3447910280083306e-007	4.9043039777683022e-006
20.300571297674352	2.2737367544323206e-007	4.7600597436834003e-006
20.300571299910604	2.2382096176443156e-007	4.6158155095496009e-006
20.300571302083572	2.1671553440683056e-007	4.4715712753687505e-006
20.300571304195042	2.0961010704922955e-007	4.3273270411426321e-006
20.300571306246763	2.0250467969162855e-007	4.25520492423284e-006
20.300571308240421	1.9895196601282805e-007	4.1109606899285659e-006
20.300571310177659	1.9184653865522705e-007	3.9667164555837901e-006
20.300571312060075	1.8829382497642655e-007	3.8945943385811912e-006
20.300571313889218	1.8118839761882555e-007	3.7503501041666846e-006
